Microsoft Windows [Version 10.0.22000.434]
(c) Microsoft Corporation. All rights reserved.

C:\Users\dream\Documents\Research\RL_Construction\comparison>python GA_order.py
0.031007751937984496
0.03333333333333333
0.03333333333333333
0.03333333333333333
0.03333333333333333
0.03333333333333333
0.03333333333333333
0.03333333333333333
0.03333333333333333
0.03333333333333333
0.03333333333333333
0.03333333333333333
0.03333333333333333
0.03333333333333333
0.03333333333333333
0.03333333333333333
0.03333333333333333
0.03333333333333333
0.03333333333333333
0.03333333333333333
0.038834951456310676
0.038834951456310676
0.038834951456310676
0.038834951456310676
0.038834951456310676
0.038834951456310676
0.038834951456310676
0.038834951456310676
0.038834951456310676
0.038834951456310676
0.038834951456310676
0.038834951456310676
0.038834951456310676
0.038834951456310676
0.038834951456310676
0.038834951456310676
0.038834951456310676
0.038834951456310676
0.038834951456310676
0.038834951456310676
0.0392156862745098
0.0392156862745098
0.0392156862745098
0.0392156862745098
0.0392156862745098
0.0392156862745098
0.0392156862745098
0.0392156862745098
0.0392156862745098
0.0392156862745098
0.0392156862745098
0.0392156862745098
0.0392156862745098
0.0392156862745098
0.0392156862745098
0.0392156862745098
0.0392156862745098
0.0392156862745098
0.0392156862745098
0.04
0.04
0.04
0.04
0.04
0.04
0.04
0.042105263157894736
0.042105263157894736
0.042105263157894736
0.042105263157894736
0.042105263157894736
0.042105263157894736
0.042105263157894736
0.042105263157894736
0.042105263157894736
0.042105263157894736
0.042105263157894736
0.042105263157894736
0.042105263157894736
0.042105263157894736
0.042105263157894736
0.042105263157894736
0.042105263157894736
0.042105263157894736
0.042105263157894736
0.042105263157894736
0.042105263157894736
0.042105263157894736
0.042105263157894736
0.042105263157894736
0.042105263157894736
0.042105263157894736
0.042105263157894736
0.042105263157894736
0.042105263157894736
0.042105263157894736
0.042105263157894736
0.042105263157894736
0.042105263157894736
0.042105263157894736
0.032520325203252036
0.032520325203252036
0.03305785123966942
0.03305785123966942
0.03305785123966942
0.03305785123966942
0.03305785123966942
0.03305785123966942
0.03361344537815126
0.03361344537815126
0.03361344537815126
0.03361344537815126
0.03361344537815126
0.03361344537815126
0.03361344537815126
0.03361344537815126
0.03361344537815126
0.03361344537815126
0.03361344537815126
0.03571428571428571
0.03571428571428571
0.03571428571428571
0.03571428571428571
0.03571428571428571
0.03571428571428571
0.03571428571428571
0.03571428571428571
0.03571428571428571
0.03571428571428571
0.03571428571428571
0.03571428571428571
0.03571428571428571
0.03571428571428571
0.03636363636363636
0.03636363636363636
0.03636363636363636
0.044444444444444446
0.044444444444444446
0.044444444444444446
0.044444444444444446
0.044444444444444446
0.044444444444444446
0.044444444444444446
0.044444444444444446
0.044444444444444446
0.044444444444444446
0.044444444444444446
0.044444444444444446
0.044444444444444446
0.044444444444444446
0.044444444444444446
0.044444444444444446
0.044444444444444446
0.044444444444444446
0.044444444444444446
0.044444444444444446
0.044444444444444446
0.044444444444444446
0.044444444444444446
0.044444444444444446
0.044444444444444446
0.044444444444444446
0.044444444444444446
0.044444444444444446
0.044444444444444446
0.044444444444444446
0.044444444444444446
0.044444444444444446
0.044444444444444446
0.044444444444444446
0.044444444444444446
0.044444444444444446
0.044444444444444446
0.044444444444444446
0.044444444444444446
0.044444444444444446
0.044444444444444446
0.044444444444444446
0.044444444444444446
0.044444444444444446
0.044444444444444446
0.044444444444444446
0.044444444444444446
0.044444444444444446
0.044444444444444446
0.044444444444444446
0.044444444444444446
0.044444444444444446
0.044444444444444446
0.044444444444444446
0.044444444444444446
0.044444444444444446
0.044444444444444446
0.044444444444444446
0.044444444444444446
0.044444444444444446
0.044444444444444446
0.044444444444444446
0.044444444444444446
0.044444444444444446
0.03389830508474576
0.03389830508474576
0.03389830508474576
0.03389830508474576
0.034482758620689655
0.034782608695652174
0.034782608695652174
0.034782608695652174
0.034782608695652174
0.03669724770642202
0.03669724770642202
0.03669724770642202
0.03669724770642202
0.03669724770642202
0.03669724770642202
0.03669724770642202
0.03669724770642202
0.03669724770642202
0.03669724770642202
0.03669724770642202
0.03669724770642202
0.03669724770642202
0.03669724770642202
0.037383177570093455
0.037383177570093455
0.037383177570093455
0.037383177570093455
0.037383177570093455
0.037383177570093455
0.037383177570093455
0.037383177570093455
0.037383177570093455
0.037383177570093455
0.037383177570093455
0.037383177570093455
0.037383177570093455
0.037383177570093455
0.037383177570093455
0.037383177570093455
0.037383177570093455
0.037383177570093455
0.037383177570093455
0.037383177570093455
0.037383177570093455
0.037383177570093455
0.037383177570093455
0.037383177570093455
0.037383177570093455
0.037383177570093455
0.037383177570093455
0.037383177570093455
0.037383177570093455
0.03773584905660377
0.038834951456310676
0.038834951456310676
0.038834951456310676
0.038834951456310676
0.038834951456310676
0.038834951456310676
0.038834951456310676
0.038834951456310676
0.038834951456310676
0.038834951456310676
0.038834951456310676
0.038834951456310676
0.038834951456310676
0.038834951456310676
0.038834951456310676
0.038834951456310676
0.038834951456310676
0.038834951456310676
0.038834951456310676
0.038834951456310676
0.038834951456310676
0.038834951456310676
0.038834951456310676
0.038834951456310676
0.038834951456310676
0.038834951456310676
0.038834951456310676
0.038834951456310676
0.038834951456310676
0.038834951456310676
0.038834951456310676
0.038834951456310676
0.038834951456310676
0.038834951456310676
0.038834951456310676
0.038834951456310676
0.038834951456310676
0.045454545454545456
0.046511627906976744
0.046511627906976744
0.046511627906976744
0.046511627906976744
0.046511627906976744
0.046511627906976744
0.046511627906976744
0.046511627906976744
0.046511627906976744
0.02962962962962963
0.02962962962962963
0.03225806451612903
0.032520325203252036
0.032520325203252036
0.032520325203252036
0.032520325203252036
0.032520325203252036
0.032520325203252036
0.032520325203252036
0.032520325203252036
0.032520325203252036
0.032520325203252036
0.03333333333333333
0.03333333333333333
0.03333333333333333
0.03333333333333333
0.03333333333333333
0.03333333333333333
0.03333333333333333
0.03333333333333333
0.03333333333333333
0.03333333333333333
0.037383177570093455
0.037383177570093455
0.037383177570093455
0.037383177570093455
0.037383177570093455
0.037383177570093455
0.037383177570093455
0.037383177570093455
0.037383177570093455
0.037383177570093455
0.037383177570093455
0.037383177570093455
0.037383177570093455
0.037383177570093455
0.037383177570093455
0.037383177570093455
0.037383177570093455
0.037383177570093455
0.037383177570093455
0.037383177570093455
0.037383177570093455
0.037383177570093455
0.037383177570093455
0.037383177570093455
0.037383177570093455
0.037383177570093455
0.037383177570093455
0.037383177570093455
0.037383177570093455
0.037383177570093455
0.037383177570093455
0.037383177570093455
0.037383177570093455
0.037383177570093455
0.037383177570093455
0.039603960396039604
0.039603960396039604
0.039603960396039604
0.039603960396039604
0.039603960396039604
0.039603960396039604
0.039603960396039604
0.039603960396039604
0.039603960396039604
0.039603960396039604
0.039603960396039604
0.039603960396039604
0.039603960396039604
0.039603960396039604
0.039603960396039604
0.039603960396039604
0.039603960396039604
0.039603960396039604
0.039603960396039604
0.039603960396039604
0.039603960396039604
0.039603960396039604
0.039603960396039604
0.039603960396039604
0.039603960396039604
0.039603960396039604
0.039603960396039604
0.039603960396039604
0.039603960396039604
0.039603960396039604
0.039603960396039604
0.039603960396039604
0.039603960396039604
0.039603960396039604
0.039603960396039604
0.039603960396039604
0.039603960396039604
0.039603960396039604
0.039603960396039604
0.039603960396039604
0.039603960396039604
0.039603960396039604
0.028169014084507043
0.031496062992125984
0.031496062992125984
0.031496062992125984
0.031496062992125984
0.031496062992125984
0.031496062992125984
0.031496062992125984
0.031496062992125984
0.031496062992125984
0.031496062992125984
0.036036036036036036
0.036036036036036036
0.036036036036036036
0.036036036036036036
0.036036036036036036
0.036036036036036036
0.036036036036036036
0.036036036036036036
0.036036036036036036
0.036036036036036036
0.037037037037037035
0.037037037037037035
0.037037037037037035
0.037037037037037035
0.037037037037037035
0.037037037037037035
0.037037037037037035
0.037037037037037035
0.037037037037037035
0.037037037037037035
0.037037037037037035
0.037037037037037035
0.037383177570093455
0.037383177570093455
0.037383177570093455
0.037383177570093455
0.037383177570093455
0.037383177570093455
0.037383177570093455
0.037383177570093455
0.037383177570093455
0.037383177570093455
0.037383177570093455
0.037383177570093455
0.037383177570093455
0.037383177570093455
0.037383177570093455
0.037383177570093455
0.037383177570093455
0.037383177570093455
0.037383177570093455
0.037383177570093455
0.037383177570093455
0.037383177570093455
0.037383177570093455
0.037383177570093455
0.037383177570093455
0.037383177570093455
0.037383177570093455
0.037383177570093455
0.037383177570093455
0.037383177570093455
0.037383177570093455
0.037383177570093455
0.037383177570093455
0.037383177570093455
0.037383177570093455
0.037383177570093455
0.037383177570093455
0.037383177570093455
0.037383177570093455
0.037383177570093455
0.037383177570093455
0.037383177570093455
0.037383177570093455
0.037383177570093455
0.037383177570093455
0.037383177570093455
0.037383177570093455
0.037383177570093455
0.037383177570093455
0.037383177570093455
0.037383177570093455
0.037383177570093455
0.037383177570093455
0.037383177570093455
0.037383177570093455
0.037383177570093455
0.039603960396039604
0.039603960396039604
0.039603960396039604
0.039603960396039604
0.039603960396039604
0.0425531914893617
0.0425531914893617
0.0425531914893617
0.0425531914893617
0.0425531914893617
0.0425531914893617
0.030303030303030304
0.042105263157894736
0.042105263157894736
0.042105263157894736
0.042105263157894736
0.042105263157894736
0.042105263157894736
0.042105263157894736
0.042105263157894736
0.042105263157894736
0.042105263157894736
0.042105263157894736
0.042105263157894736
0.042105263157894736
0.042105263157894736
0.042105263157894736
0.042105263157894736
0.042105263157894736
0.042105263157894736
0.042105263157894736
0.042105263157894736
0.042105263157894736
0.042105263157894736
0.042105263157894736
0.042105263157894736
0.042105263157894736
0.042105263157894736
0.042105263157894736
0.042105263157894736
0.042105263157894736
0.042105263157894736
0.042105263157894736
0.042105263157894736
0.042105263157894736
0.042105263157894736
0.042105263157894736
0.042105263157894736
0.042105263157894736
0.042105263157894736
0.042105263157894736
0.042105263157894736
0.042105263157894736
0.042105263157894736
0.042105263157894736
0.042105263157894736
0.042105263157894736
0.042105263157894736
0.0425531914893617
0.0425531914893617
0.0425531914893617
0.0425531914893617
0.0425531914893617
0.0425531914893617
0.0425531914893617
0.0425531914893617
0.0425531914893617
0.0425531914893617
0.0425531914893617
0.0425531914893617
0.0425531914893617
0.0425531914893617
0.0425531914893617
0.0425531914893617
0.0425531914893617
0.0425531914893617
0.0425531914893617
0.0425531914893617
0.0425531914893617
0.0425531914893617
0.0425531914893617
0.0425531914893617
0.0425531914893617
0.0425531914893617
0.0425531914893617
0.0425531914893617
0.0425531914893617
0.0425531914893617
0.0425531914893617
0.0425531914893617
0.0425531914893617
0.0425531914893617
0.0425531914893617
0.0425531914893617
0.0425531914893617
0.0425531914893617
0.0425531914893617
0.0425531914893617
0.0425531914893617
0.0425531914893617
0.0425531914893617
0.0425531914893617
0.0425531914893617
0.0425531914893617
0.0425531914893617
0.0425531914893617
0.0425531914893617
0.0425531914893617
0.0425531914893617
0.0425531914893617
0.0425531914893617
0.031746031746031744
0.031746031746031744
0.031746031746031744
0.031746031746031744
0.031746031746031744
0.031746031746031744
0.031746031746031744
0.031746031746031744
0.031746031746031744
0.031746031746031744
0.031746031746031744
0.031746031746031744
0.031746031746031744
0.031746031746031744
0.031746031746031744
0.031746031746031744
0.03361344537815126
0.03361344537815126
0.03361344537815126
0.03361344537815126
0.03361344537815126
0.03361344537815126
0.03361344537815126
0.03361344537815126
0.03361344537815126
0.03361344537815126
0.03361344537815126
0.03571428571428571
0.03571428571428571
0.03571428571428571
0.03571428571428571
0.03571428571428571
0.03571428571428571
0.03571428571428571
0.03571428571428571
0.03571428571428571
0.03571428571428571
0.03571428571428571
0.03571428571428571
0.03571428571428571
0.03571428571428571
0.03571428571428571
0.03571428571428571
0.03571428571428571
0.03571428571428571
0.03571428571428571
0.03571428571428571
0.03571428571428571
0.03571428571428571
0.03571428571428571
0.03571428571428571
0.03571428571428571
0.03669724770642202
0.03669724770642202
0.03669724770642202
0.03669724770642202
0.03669724770642202
0.03669724770642202
0.03669724770642202
0.03669724770642202
0.03669724770642202
0.03669724770642202
0.03669724770642202
0.03669724770642202
0.03669724770642202
0.03669724770642202
0.03669724770642202
0.03669724770642202
0.03669724770642202
0.03669724770642202
0.03669724770642202
0.03669724770642202
0.03669724770642202
0.03669724770642202
0.03669724770642202
0.03669724770642202
0.03669724770642202
0.03669724770642202
0.03669724770642202
0.03669724770642202
0.03669724770642202
0.03669724770642202
0.03669724770642202
0.03669724770642202
0.03669724770642202
0.03669724770642202
0.03669724770642202
0.03669724770642202
0.03669724770642202
0.03669724770642202
0.03669724770642202
0.03669724770642202
0.03669724770642202
0.03669724770642202
0.03669724770642202
0.03669724770642202
0.03669724770642202
0.03669724770642202
0.03669724770642202
0.03669724770642202
0.03508771929824561
0.03508771929824561
0.03508771929824561
0.03508771929824561
0.03508771929824561
0.03508771929824561
0.03508771929824561
0.03508771929824561
0.03508771929824561
0.03508771929824561
0.03508771929824561
0.03508771929824561
0.03508771929824561
0.03508771929824561
0.03508771929824561
0.03508771929824561
0.03508771929824561
0.03508771929824561
0.03508771929824561
0.03773584905660377
0.03773584905660377
0.03773584905660377
0.03773584905660377
0.03773584905660377
0.03773584905660377
0.03773584905660377
0.03773584905660377
0.03773584905660377
0.03773584905660377
0.03773584905660377
0.03773584905660377
0.038461538461538464
0.038461538461538464
0.038461538461538464
0.038461538461538464
0.038461538461538464
0.041666666666666664
0.041666666666666664
0.041666666666666664
0.041666666666666664
0.041666666666666664
0.041666666666666664
0.041666666666666664
0.041666666666666664
0.041666666666666664
0.041666666666666664
0.04395604395604396
0.04395604395604396
0.04395604395604396
0.04395604395604396
0.04395604395604396
0.04395604395604396
0.04395604395604396
0.04395604395604396
0.04395604395604396
0.04395604395604396
0.04395604395604396
0.04395604395604396
0.04395604395604396
0.04395604395604396
0.04395604395604396
0.04395604395604396
0.04395604395604396
0.04395604395604396
0.04395604395604396
0.04395604395604396
0.04395604395604396
0.04395604395604396
0.04395604395604396
0.04395604395604396
0.04395604395604396
0.04395604395604396
0.04395604395604396
0.04395604395604396
0.04395604395604396
0.04395604395604396
0.04395604395604396
0.04395604395604396
0.04395604395604396
0.04395604395604396
0.04395604395604396
0.04395604395604396
0.04395604395604396
0.04395604395604396
0.04395604395604396
0.04395604395604396
0.04395604395604396
0.04395604395604396
0.04395604395604396
0.04395604395604396
0.04395604395604396
0.04395604395604396
0.04395604395604396
0.04395604395604396
0.04395604395604396
0.04395604395604396
0.04395604395604396
0.04395604395604396
0.04395604395604396
0.04395604395604396
0.03389830508474576
0.03389830508474576
0.03389830508474576
0.03389830508474576
0.03389830508474576
0.03389830508474576
0.03389830508474576
0.03389830508474576
0.034482758620689655
0.034482758620689655
0.034482758620689655
0.034482758620689655
0.034482758620689655
0.034482758620689655
0.034482758620689655
0.034482758620689655
0.034482758620689655
0.034482758620689655
0.034482758620689655
0.034482758620689655
0.034482758620689655
0.037383177570093455
0.037383177570093455
0.037383177570093455
0.037383177570093455
0.037383177570093455
0.037383177570093455
0.037383177570093455
0.037383177570093455
0.037383177570093455
0.037383177570093455
0.037383177570093455
0.037383177570093455
0.037383177570093455
0.037383177570093455
0.04
0.04
0.04
0.04
0.04
0.04
0.04
0.04
0.04
0.04
0.04
0.04
0.04
0.04
0.04
0.04
0.04
0.04
0.04
0.04
0.04
0.04
0.04
0.04
0.04
0.04
0.04
0.04
0.04
0.04
0.04
0.04
0.04
0.04
0.04
0.04
0.04
0.04
0.04
0.04
0.04
0.04
0.04
0.04
0.04
0.04
0.04
0.04
0.04
0.04
0.04
0.04
0.04
0.04
0.04
0.04
0.04
0.04395604395604396
0.04395604395604396
0.04395604395604396
0.04395604395604396
0.04395604395604396
0.04395604395604396
0.04395604395604396
0.04395604395604396
0.03508771929824561
0.03508771929824561
0.03508771929824561
0.03508771929824561
0.03508771929824561
0.03508771929824561
0.03508771929824561
0.03508771929824561
0.03508771929824561
0.03508771929824561
0.03508771929824561
0.03508771929824561
0.03508771929824561
0.03508771929824561
0.03508771929824561
0.03508771929824561
0.03508771929824561
0.03508771929824561
0.03508771929824561
0.03508771929824561
0.03508771929824561
0.03508771929824561
0.03508771929824561
0.03508771929824561
0.03508771929824561
0.03508771929824561
0.03508771929824561
0.03508771929824561
0.03508771929824561
0.03508771929824561
0.03508771929824561
0.03508771929824561
0.03508771929824561
0.03508771929824561
0.03508771929824561
0.03508771929824561
0.03508771929824561
0.03508771929824561
0.03508771929824561
0.03508771929824561
0.03508771929824561
0.03508771929824561
0.036036036036036036
0.036036036036036036
0.036036036036036036
0.036036036036036036
0.036036036036036036
0.036036036036036036
0.038461538461538464
0.038461538461538464
0.038461538461538464
0.038461538461538464
0.038461538461538464
0.038461538461538464
0.038461538461538464
0.038461538461538464
0.038461538461538464
0.038461538461538464
0.038461538461538464
0.038461538461538464
0.038461538461538464
0.038461538461538464
0.038461538461538464
0.0392156862745098
0.0392156862745098
0.0392156862745098
0.0392156862745098
0.0392156862745098
0.04081632653061224
0.04081632653061224
0.04081632653061224
0.04081632653061224
0.04081632653061224
0.04081632653061224
0.04081632653061224
0.04081632653061224
0.04081632653061224
0.04081632653061224
0.04081632653061224
0.04081632653061224
0.04081632653061224
0.04081632653061224
0.04081632653061224
0.04081632653061224
0.04081632653061224
0.04081632653061224
0.04081632653061224
0.04081632653061224
0.04081632653061224
0.04081632653061224
0.04081632653061224
0.04081632653061224
0.04081632653061224
0.04081632653061224
0.04081632653061224
0.04081632653061224
0.04081632653061224
0.04081632653061224
0.04081632653061224
0.04081632653061224
Average Optimization Time: 293.29696197509764[s]
Best p: [16 15 11 12  1  9 14  8  6 13 22 17 20  7  2  3  0 26  5 19  4 27 28 10
 29 25 23 18 30 31 21 24 32]
Best f: 21.5
Median f: 23.5

C:\Users\dream\Documents\Research\RL_Construction\comparison>