C:\Users\dream\Documents\Research\RL_Construction\comparison>python GA_order.py
0.03773584905660377
0.03773584905660377
0.03773584905660377
0.0449438202247191
0.0449438202247191
0.0449438202247191
0.0449438202247191
0.0449438202247191
0.0449438202247191
0.0449438202247191
0.0449438202247191
0.0449438202247191
0.0449438202247191
0.0449438202247191
0.0449438202247191
0.0449438202247191
0.0449438202247191
0.0449438202247191
0.0449438202247191
0.0449438202247191
0.0449438202247191
0.05063291139240506
0.05063291139240506
0.0547945205479452
0.0547945205479452
0.0547945205479452
0.0547945205479452
0.0547945205479452
0.0547945205479452
0.0547945205479452
0.0547945205479452
0.0547945205479452
0.0547945205479452
0.0547945205479452
0.0547945205479452
0.0547945205479452
0.0547945205479452
0.0547945205479452
0.0547945205479452
0.0547945205479452
0.0547945205479452
0.0547945205479452
0.0547945205479452
0.0547945205479452
0.0547945205479452
0.0547945205479452
0.0547945205479452
0.0547945205479452
0.0547945205479452
0.0547945205479452
0.0547945205479452
0.0547945205479452
0.0547945205479452
0.0547945205479452
0.0547945205479452
0.0547945205479452
0.0547945205479452
0.0547945205479452
0.05555555555555555
0.05555555555555555
0.05555555555555555
0.05555555555555555
0.05555555555555555
0.05555555555555555
0.05555555555555555
0.05555555555555555
0.05555555555555555
0.05555555555555555
0.05555555555555555
0.05555555555555555
0.05555555555555555
0.05555555555555555
0.05555555555555555
0.05555555555555555
0.05555555555555555
0.05555555555555555
0.05555555555555555
0.05555555555555555
0.05555555555555555
0.05555555555555555
0.05555555555555555
0.05555555555555555
0.05555555555555555
0.05555555555555555
0.05555555555555555
0.05555555555555555
0.05555555555555555
0.05555555555555555
0.05555555555555555
0.05555555555555555
0.05555555555555555
0.05555555555555555
0.05555555555555555
0.05555555555555555
0.05555555555555555
0.05555555555555555
0.05555555555555555
0.05555555555555555
0.05555555555555555
0.05555555555555555
0.04
0.042105263157894736
0.0425531914893617
0.0425531914893617
0.0425531914893617
0.0425531914893617
0.0425531914893617
0.044444444444444446
0.044444444444444446
0.044444444444444446
0.044444444444444446
0.044444444444444446
0.044444444444444446
0.044444444444444446
0.044444444444444446
0.044444444444444446
0.044444444444444446
0.044444444444444446
0.044444444444444446
0.044444444444444446
0.044444444444444446
0.044444444444444446
0.047619047619047616
0.047619047619047616
0.047619047619047616
0.047619047619047616
0.047619047619047616
0.047619047619047616
0.047619047619047616
0.047619047619047616
0.047619047619047616
0.047619047619047616
0.047619047619047616
0.047619047619047616
0.047619047619047616
0.047619047619047616
0.047619047619047616
0.047619047619047616
0.047619047619047616
0.047619047619047616
0.047619047619047616
0.047619047619047616
0.047619047619047616
0.047619047619047616
0.047619047619047616
0.05194805194805195
0.05194805194805195
0.05194805194805195
0.05194805194805195
0.05194805194805195
0.05194805194805195
0.05194805194805195
0.05194805194805195
0.05194805194805195
0.05194805194805195
0.05194805194805195
0.05194805194805195
0.05194805194805195
0.05194805194805195
0.05194805194805195
0.05194805194805195
0.05194805194805195
0.05194805194805195
0.05194805194805195
0.05194805194805195
0.05194805194805195
0.05194805194805195
0.05194805194805195
0.05194805194805195
0.05194805194805195
0.05194805194805195
0.05194805194805195
0.05194805194805195
0.05194805194805195
0.05194805194805195
0.05194805194805195
0.05194805194805195
0.05194805194805195
0.05194805194805195
0.05194805194805195
0.05194805194805195
0.05194805194805195
0.05194805194805195
0.05194805194805195
0.05194805194805195
0.05194805194805195
0.05194805194805195
0.05194805194805195
0.05194805194805195
0.05194805194805195
0.05194805194805195
0.05194805194805195
0.05194805194805195
0.05194805194805195
0.05194805194805195
0.05194805194805195
0.05194805194805195
0.05194805194805195
0.05194805194805195
0.05194805194805195
0.042105263157894736
0.042105263157894736
0.0425531914893617
0.0425531914893617
0.0425531914893617
0.0425531914893617
0.045454545454545456
0.047058823529411764
0.047058823529411764
0.047058823529411764
0.047058823529411764
0.047058823529411764
0.047058823529411764
0.047058823529411764
0.047058823529411764
0.047058823529411764
0.047058823529411764
0.047058823529411764
0.04819277108433735
0.04819277108433735
0.05555555555555555
0.05555555555555555
0.05555555555555555
0.05555555555555555
0.05555555555555555
0.05555555555555555
0.05555555555555555
0.05555555555555555
0.05555555555555555
0.05555555555555555
0.05555555555555555
0.05555555555555555
0.05555555555555555
0.05555555555555555
0.05555555555555555
0.05555555555555555
0.05555555555555555
0.05555555555555555
0.05555555555555555
0.05970149253731343
0.05970149253731343
0.05970149253731343
0.05970149253731343
0.05970149253731343
0.05970149253731343
0.05970149253731343
0.05970149253731343
0.05970149253731343
0.05970149253731343
0.05970149253731343
0.05970149253731343
0.05970149253731343
0.05970149253731343
0.05970149253731343
0.05970149253731343
0.05970149253731343
0.05970149253731343
0.05970149253731343
0.05970149253731343
0.05970149253731343
0.05970149253731343
0.05970149253731343
0.05970149253731343
0.05970149253731343
0.05970149253731343
0.05970149253731343
0.05970149253731343
0.05970149253731343
0.05970149253731343
0.05970149253731343
0.05970149253731343
0.05970149253731343
0.05970149253731343
0.05970149253731343
0.05970149253731343
0.05970149253731343
0.05970149253731343
0.05970149253731343
0.05970149253731343
0.05970149253731343
0.05970149253731343
0.05970149253731343
0.05970149253731343
0.05970149253731343
0.05970149253731343
0.05970149253731343
0.05970149253731343
0.05970149253731343
0.05970149253731343
0.05970149253731343
0.05970149253731343
0.05970149253731343
0.05970149253731343
0.05970149253731343
0.05970149253731343
0.05970149253731343
0.05970149253731343
0.05970149253731343
0.05970149253731343
0.05970149253731343
0.041666666666666664
0.041666666666666664
0.047058823529411764
0.047058823529411764
0.047058823529411764
0.047058823529411764
0.047058823529411764
0.047058823529411764
0.047058823529411764
0.047058823529411764
0.047058823529411764
0.047058823529411764
0.047058823529411764
0.047058823529411764
0.047058823529411764
0.047058823529411764
0.047058823529411764
0.047058823529411764
0.047058823529411764
0.047058823529411764
0.047058823529411764
0.047058823529411764
0.047058823529411764
0.047058823529411764
0.047058823529411764
0.047058823529411764
0.047058823529411764
0.05
0.05
0.05
0.05
0.05
0.05
0.05
0.05
0.05194805194805195
0.05194805194805195
0.05194805194805195
0.05194805194805195
0.05194805194805195
0.05194805194805195
0.05194805194805195
0.05194805194805195
0.05194805194805195
0.05194805194805195
0.05194805194805195
0.05194805194805195
0.05194805194805195
0.05194805194805195
0.05194805194805195
0.05194805194805195
0.05194805194805195
0.05194805194805195
0.05194805194805195
0.05194805194805195
0.05194805194805195
0.05194805194805195
0.05194805194805195
0.05194805194805195
0.05194805194805195
0.05194805194805195
0.05194805194805195
0.05194805194805195
0.05194805194805195
0.05194805194805195
0.05194805194805195
0.05194805194805195
0.05194805194805195
0.05194805194805195
0.05194805194805195
0.05194805194805195
0.05333333333333334
0.05333333333333334
0.05333333333333334
0.05333333333333334
0.05333333333333334
0.05333333333333334
0.05333333333333334
0.05333333333333334
0.05333333333333334
0.05333333333333334
0.05333333333333334
0.05333333333333334
0.05333333333333334
0.05333333333333334
0.05333333333333334
0.05333333333333334
0.05333333333333334
0.05333333333333334
0.05333333333333334
0.05333333333333334
0.05333333333333334
0.05333333333333334
0.05333333333333334
0.05333333333333334
0.05333333333333334
0.05333333333333334
0.05333333333333334
0.05333333333333334
0.05333333333333334
0.03773584905660377
0.0380952380952381
0.041237113402061855
0.0425531914893617
0.04395604395604396
0.04395604395604396
0.04395604395604396
0.04395604395604396
0.04395604395604396
0.04597701149425287
0.04597701149425287
0.04597701149425287
0.04597701149425287
0.05063291139240506
0.05063291139240506
0.05063291139240506
0.05063291139240506
0.05063291139240506
0.05063291139240506
0.05063291139240506
0.05063291139240506
0.05063291139240506
0.05063291139240506
0.05063291139240506
0.05063291139240506
0.05063291139240506
0.05063291139240506
0.05063291139240506
0.05063291139240506
0.05063291139240506
0.05063291139240506
0.05063291139240506
0.05063291139240506
0.05063291139240506
0.05063291139240506
0.05063291139240506
0.05063291139240506
0.05063291139240506
0.05063291139240506
0.05063291139240506
0.05063291139240506
0.05063291139240506
0.05063291139240506
0.05063291139240506
0.05063291139240506
0.05063291139240506
0.05063291139240506
0.05063291139240506
0.05063291139240506
0.05063291139240506
0.05063291139240506
0.05063291139240506
0.05063291139240506
0.05063291139240506
0.05063291139240506
0.05063291139240506
0.05063291139240506
0.05063291139240506
0.05063291139240506
0.05063291139240506
0.05063291139240506
0.05063291139240506
0.05063291139240506
0.05063291139240506
0.05063291139240506
0.05063291139240506
0.05063291139240506
0.05063291139240506
0.05063291139240506
0.05063291139240506
0.05063291139240506
0.05063291139240506
0.05063291139240506
0.05063291139240506
0.05063291139240506
0.05063291139240506
0.05063291139240506
0.05063291139240506
0.05063291139240506
0.05063291139240506
0.05063291139240506
0.05063291139240506
0.05063291139240506
0.05405405405405406
0.05405405405405406
0.05405405405405406
0.05405405405405406
0.05405405405405406
0.05405405405405406
0.05405405405405406
0.05405405405405406
0.05405405405405406
0.05405405405405406
0.05405405405405406
0.05405405405405406
0.05405405405405406
0.05405405405405406
0.05405405405405406
0.05405405405405406
0.05405405405405406
0.037037037037037035
0.041237113402061855
0.0425531914893617
0.045454545454545456
0.045454545454545456
0.045454545454545456
0.045454545454545456
0.045454545454545456
0.045454545454545456
0.045454545454545456
0.045454545454545456
0.045454545454545456
0.045454545454545456
0.045454545454545456
0.045454545454545456
0.045454545454545456
0.045454545454545456
0.045454545454545456
0.045454545454545456
0.045454545454545456
0.045454545454545456
0.045454545454545456
0.045454545454545456
0.045454545454545456
0.046511627906976744
0.046511627906976744
0.046511627906976744
0.046511627906976744
0.046511627906976744
0.046511627906976744
0.046511627906976744
0.046511627906976744
0.046511627906976744
0.046511627906976744
0.046511627906976744
0.05128205128205128
0.05128205128205128
0.05128205128205128
0.05128205128205128
0.05128205128205128
0.05128205128205128
0.05714285714285714
0.05714285714285714
0.05714285714285714
0.05714285714285714
0.05714285714285714
0.05714285714285714
0.05714285714285714
0.05714285714285714
0.05714285714285714
0.05714285714285714
0.05714285714285714
0.057971014492753624
0.057971014492753624
0.05970149253731343
0.05970149253731343
0.05970149253731343
0.05970149253731343
0.05970149253731343
0.05970149253731343
0.05970149253731343
0.05970149253731343
0.05970149253731343
0.05970149253731343
0.05970149253731343
0.05970149253731343
0.05970149253731343
0.05970149253731343
0.05970149253731343
0.05970149253731343
0.05970149253731343
0.05970149253731343
0.05970149253731343
0.05970149253731343
0.05970149253731343
0.05970149253731343
0.05970149253731343
0.05970149253731343
0.05970149253731343
0.05970149253731343
0.05970149253731343
0.05970149253731343
0.05970149253731343
0.05970149253731343
0.05970149253731343
0.05970149253731343
0.05970149253731343
0.05970149253731343
0.05970149253731343
0.05970149253731343
0.05970149253731343
0.05970149253731343
0.05970149253731343
0.05970149253731343
0.05970149253731343
0.05970149253731343
0.05970149253731343
0.05970149253731343
0.05970149253731343
0.05970149253731343
0.043010752688172046
0.0449438202247191
0.0449438202247191
0.0449438202247191
0.0449438202247191
0.0449438202247191
0.0449438202247191
0.05194805194805195
0.05194805194805195
0.05194805194805195
0.05194805194805195
0.05194805194805195
0.05194805194805195
0.05194805194805195
0.05194805194805195
0.05194805194805195
0.05194805194805195
0.05194805194805195
0.05194805194805195
0.05194805194805195
0.05263157894736842
0.05405405405405406
0.05405405405405406
0.05405405405405406
0.05405405405405406
0.05405405405405406
0.05405405405405406
0.05405405405405406
0.05405405405405406
0.05405405405405406
0.05405405405405406
0.05405405405405406
0.05405405405405406
0.05405405405405406
0.05405405405405406
0.05405405405405406
0.05405405405405406
0.05405405405405406
0.05405405405405406
0.05405405405405406
0.05405405405405406
0.05405405405405406
0.05405405405405406
0.05405405405405406
0.05405405405405406
0.05405405405405406
0.05405405405405406
0.05405405405405406
0.05405405405405406
0.05405405405405406
0.05405405405405406
0.05405405405405406
0.05405405405405406
0.05405405405405406
0.05405405405405406
0.05405405405405406
0.05405405405405406
0.05405405405405406
0.05405405405405406
0.05405405405405406
0.05405405405405406
0.05405405405405406
0.05405405405405406
0.05405405405405406
0.05405405405405406
0.05405405405405406
0.05405405405405406
0.05405405405405406
0.05405405405405406
0.05405405405405406
0.05405405405405406
0.05405405405405406
0.05405405405405406
0.05405405405405406
0.05405405405405406
0.05405405405405406
0.05405405405405406
0.05405405405405406
0.05405405405405406
0.05405405405405406
0.05405405405405406
0.05405405405405406
0.05405405405405406
0.05405405405405406
0.05405405405405406
0.05405405405405406
0.05405405405405406
0.05405405405405406
0.05405405405405406
0.05405405405405406
0.05555555555555555
0.05555555555555555
0.05555555555555555
0.05555555555555555
0.05555555555555555
0.05555555555555555
0.05555555555555555
0.05555555555555555
0.05555555555555555
0.05555555555555555
0.044444444444444446
0.044444444444444446
0.044444444444444446
0.044444444444444446
0.044444444444444446
0.044444444444444446
0.04597701149425287
0.04597701149425287
0.047058823529411764
0.047058823529411764
0.047058823529411764
0.047058823529411764
0.047058823529411764
0.047058823529411764
0.047058823529411764
0.047058823529411764
0.047058823529411764
0.047058823529411764
0.047058823529411764
0.047058823529411764
0.05
0.05
0.05
0.05
0.05
0.05
0.05
0.05
0.05
0.05
0.05
0.05
0.05
0.05
0.05
0.05
0.05
0.05
0.05
0.05
0.05
0.05
0.05
0.05
0.05
0.05
0.05
0.05
0.05
0.05
0.05
0.05
0.05
0.05
0.05
0.05
0.05194805194805195
0.05194805194805195
0.05194805194805195
0.05194805194805195
0.05194805194805195
0.05194805194805195
0.05194805194805195
0.05194805194805195
0.05194805194805195
0.05194805194805195
0.05194805194805195
0.05194805194805195
0.05333333333333334
0.05333333333333334
0.05333333333333334
0.05333333333333334
0.05333333333333334
0.05333333333333334
0.05333333333333334
0.05333333333333334
0.05333333333333334
0.05333333333333334
0.05333333333333334
0.05333333333333334
0.05333333333333334
0.05970149253731343
0.05970149253731343
0.05970149253731343
0.05970149253731343
0.05970149253731343
0.05970149253731343
0.05970149253731343
0.05970149253731343
0.05970149253731343
0.05970149253731343
0.05970149253731343
0.05970149253731343
0.05970149253731343
0.05970149253731343
0.05970149253731343
0.05970149253731343
0.05970149253731343
0.05970149253731343
0.05970149253731343
0.039603960396039604
0.039603960396039604
0.039603960396039604
0.039603960396039604
0.039603960396039604
0.043010752688172046
0.043010752688172046
0.04597701149425287
0.046511627906976744
0.046511627906976744
0.047058823529411764
0.047058823529411764
0.047058823529411764
0.047058823529411764
0.047058823529411764
0.047058823529411764
0.047058823529411764
0.047058823529411764
0.047058823529411764
0.047058823529411764
0.047058823529411764
0.047058823529411764
0.047058823529411764
0.047058823529411764
0.047058823529411764
0.047058823529411764
0.047058823529411764
0.047058823529411764
0.047058823529411764
0.047058823529411764
0.047058823529411764
0.047058823529411764
0.047058823529411764
0.0547945205479452
0.0547945205479452
0.0547945205479452
0.0547945205479452
0.0547945205479452
0.0547945205479452
0.0547945205479452
0.0547945205479452
0.0547945205479452
0.0547945205479452
0.0547945205479452
0.0547945205479452
0.0547945205479452
0.0547945205479452
0.0547945205479452
0.0547945205479452
0.0547945205479452
0.0547945205479452
0.0547945205479452
0.0547945205479452
0.0547945205479452
0.0547945205479452
0.0547945205479452
0.0547945205479452
0.0547945205479452
0.0547945205479452
0.0547945205479452
0.0547945205479452
0.0547945205479452
0.0547945205479452
0.0547945205479452
0.0547945205479452
0.0547945205479452
0.0547945205479452
0.0547945205479452
0.0547945205479452
0.0547945205479452
0.0547945205479452
0.0547945205479452
0.0547945205479452
0.0547945205479452
0.0547945205479452
0.0547945205479452
0.0547945205479452
0.0547945205479452
0.0547945205479452
0.0547945205479452
0.0547945205479452
0.0547945205479452
0.0547945205479452
0.0547945205479452
0.0547945205479452
0.0547945205479452
0.0547945205479452
0.0547945205479452
0.0547945205479452
0.0547945205479452
0.0547945205479452
0.0547945205479452
0.0547945205479452
0.0547945205479452
0.0547945205479452
0.0547945205479452
0.0547945205479452
0.0547945205479452
0.0547945205479452
0.0547945205479452
0.04040404040404041
0.04040404040404041
0.043478260869565216
0.043478260869565216
0.043478260869565216
0.043478260869565216
0.043478260869565216
0.043478260869565216
0.04597701149425287
0.04597701149425287
0.05063291139240506
0.05063291139240506
0.05063291139240506
0.05063291139240506
0.05333333333333334
0.05333333333333334
0.05333333333333334
0.05333333333333334
0.05333333333333334
0.05333333333333334
0.05333333333333334
0.05333333333333334
0.05333333333333334
0.05555555555555555
0.05555555555555555
0.05555555555555555
0.05555555555555555
0.05555555555555555
0.05555555555555555
0.05555555555555555
0.05555555555555555
0.05555555555555555
0.05555555555555555
0.05555555555555555
0.05555555555555555
0.05555555555555555
0.05555555555555555
0.05555555555555555
0.05555555555555555
0.05555555555555555
0.05555555555555555
0.05555555555555555
0.05555555555555555
0.05555555555555555
0.05555555555555555
0.05555555555555555
0.05555555555555555
0.05555555555555555
0.05555555555555555
0.05555555555555555
0.05555555555555555
0.05555555555555555
0.05555555555555555
0.05555555555555555
0.05555555555555555
0.05555555555555555
0.05555555555555555
0.05555555555555555
0.05555555555555555
0.05555555555555555
0.05555555555555555
0.05555555555555555
0.05555555555555555
0.05555555555555555
0.05555555555555555
0.05555555555555555
0.05555555555555555
0.05555555555555555
0.05555555555555555
0.05555555555555555
0.05555555555555555
0.05555555555555555
0.05555555555555555
0.05555555555555555
0.05555555555555555
0.05555555555555555
0.05555555555555555
0.05555555555555555
0.05555555555555555
0.05555555555555555
0.05555555555555555
0.05555555555555555
0.05555555555555555
0.05555555555555555
0.05555555555555555
0.05555555555555555
0.05555555555555555
0.05555555555555555
0.05555555555555555
0.05555555555555555
0.05555555555555555
0.05555555555555555
0.05555555555555555
0.05555555555555555
0.05555555555555555
0.05555555555555555
0.05555555555555555
0.05555555555555555
0.05555555555555555
0.05555555555555555
Average Optimization Time: 164.52454323768615[s]
Best p: [ 0  9 13 28 15  8 30 17  6 29  5 16 18  4 23 27 21 19 25 24  7 11 26 10
 14  3 20 12  2  1 22]
Best f: 16.75
Median f: 18.0