1 22
1 3
3 24
3 5
5 26
5 7
7 28
7 9
9 30
9 11
11 32
11 13
13 34
13 15
15 36
15 17
17 38
17 19
19 40
20 41
20 22
22 43
22 24
24 45
24 26
26 47
26 28
28 49
28 30
30 51
30 32
32 53
32 34
34 55
34 36
36 57
36 38
38 59
38 40
40 61
41 62
41 43
43 64
43 45
45 66
45 47
47 68
47 49
49 70
49 51
51 72
51 53
53 74
53 55
55 76
55 57
57 78
57 59
59 80
59 61
61 82
62 83
62 64
64 85
64 66
66 87
66 68
68 89
68 70
70 91
70 72
72 93
72 74
74 95
74 76
76 97
76 78
78 99
78 80
80 101
80 82
82 103
83 104
83 85
85 106
85 87
87 108
87 89
89 110
89 91
91 112
91 93
93 114
93 95
95 116
95 97
97 118
97 99
99 120
99 101
101 122
101 103
103 124
104 125
104 106
106 127
106 108
108 129
108 110
110 131
110 112
112 133
112 114
114 135
114 116
116 137
116 118
118 139
118 120
120 141
120 122
122 143
122 124
124 145
125 146
125 127
127 148
127 129
129 150
129 131
131 152
131 133
133 154
133 135
135 156
135 137
137 158
137 139
139 160
139 141
141 162
141 143
143 164
143 145
145 166
146 167
146 148
148 169
148 150
150 171
150 152
152 173
152 154
154 175
154 156
156 177
156 158
158 179
158 160
160 181
160 162
162 183
162 164
164 185
164 166
166 187
167 188
167 169
169 190
169 171
171 192
171 173
173 194
173 175
175 196
175 177
177 198
177 179
179 200
179 181
181 202
181 183
183 204
183 185
185 206
185 187
187 208
188 209
188 190
190 210
190 192
192 211
192 194
194 212
194 196
196 213
196 198
198 214
198 200
200 215
200 202
202 216
202 204
204 217
204 206
206 218
206 208
208 219
209 210
210 211
211 212
212 213
213 214
214 215
215 216
216 217
217 218
218 219
0 21
0 2
2 23
2 4
4 25
4 6
6 27
6 8
8 29
8 10
10 31
10 12
12 33
12 14
14 35
14 16
16 37
16 18
18 39
21 42
21 23
23 44
23 25
25 46
25 27
27 48
27 29
29 50
29 31
31 52
31 33
33 54
33 35
35 56
35 37
37 58
37 39
39 60
42 63
42 44
44 65
44 46
46 67
46 48
48 69
48 50
50 71
50 52
52 73
52 54
54 75
54 56
56 77
56 58
58 79
58 60
60 81
63 84
63 65
65 86
65 67
67 88
67 69
69 90
69 71
71 92
71 73
73 94
73 75
75 96
75 77
77 98
77 79
79 100
79 81
81 102
84 105
84 86
86 107
86 88
88 109
88 90
90 111
90 92
92 113
92 94
94 115
94 96
96 117
96 98
98 119
98 100
100 121
100 102
102 123
105 126
105 107
107 128
107 109
109 130
109 111
111 132
111 113
113 134
113 115
115 136
115 117
117 138
117 119
119 140
119 121
121 142
121 123
123 144
126 147
126 128
128 149
128 130
130 151
130 132
132 153
132 134
134 155
134 136
136 157
136 138
138 159
138 140
140 161
140 142
142 163
142 144
144 165
147 168
147 149
149 170
149 151
151 172
151 153
153 174
153 155
155 176
155 157
157 178
157 159
159 180
159 161
161 182
161 163
163 184
163 165
165 186
168 189
168 170
170 191
170 172
172 193
172 174
174 195
174 176
176 197
176 178
178 199
178 180
180 201
180 182
182 203
182 184
184 205
184 186
186 207
189 191
191 193
193 195
195 197
197 199
199 201
201 203
203 205
205 207
20 0
22 0
1 0
1 2
22 2
24 2
3 2
3 4
24 4
26 4
5 4
5 6
26 6
28 6
7 6
7 8
28 8
30 8
9 8
9 10
30 10
32 10
11 10
11 12
32 12
34 12
13 12
13 14
34 14
36 14
15 14
15 16
36 16
38 16
17 16
17 18
38 18
40 18
19 18
20 21
41 21
43 21
22 21
22 23
43 23
45 23
24 23
24 25
45 25
47 25
26 25
26 27
47 27
49 27
28 27
28 29
49 29
51 29
30 29
30 31
51 31
53 31
32 31
32 33
53 33
55 33
34 33
34 35
55 35
57 35
36 35
36 37
57 37
59 37
38 37
38 39
59 39
61 39
40 39
41 42
62 42
64 42
43 42
43 44
64 44
66 44
45 44
45 46
66 46
68 46
47 46
47 48
68 48
70 48
49 48
49 50
70 50
72 50
51 50
51 52
72 52
74 52
53 52
53 54
74 54
76 54
55 54
55 56
76 56
78 56
57 56
57 58
78 58
80 58
59 58
59 60
80 60
82 60
61 60
62 63
83 63
85 63
64 63
64 65
85 65
87 65
66 65
66 67
87 67
89 67
68 67
68 69
89 69
91 69
70 69
70 71
91 71
93 71
72 71
72 73
93 73
95 73
74 73
74 75
95 75
97 75
76 75
76 77
97 77
99 77
78 77
78 79
99 79
101 79
80 79
80 81
101 81
103 81
82 81
83 84
104 84
106 84
85 84
85 86
106 86
108 86
87 86
87 88
108 88
110 88
89 88
89 90
110 90
112 90
91 90
91 92
112 92
114 92
93 92
93 94
114 94
116 94
95 94
95 96
116 96
118 96
97 96
97 98
118 98
120 98
99 98
99 100
120 100
122 100
101 100
101 102
122 102
124 102
103 102
104 105
125 105
127 105
106 105
106 107
127 107
129 107
108 107
108 109
129 109
131 109
110 109
110 111
131 111
133 111
112 111
112 113
133 113
135 113
114 113
114 115
135 115
137 115
116 115
116 117
137 117
139 117
118 117
118 119
139 119
141 119
120 119
120 121
141 121
143 121
122 121
122 123
143 123
145 123
124 123
125 126
146 126
148 126
127 126
127 128
148 128
150 128
129 128
129 130
150 130
152 130
131 130
131 132
152 132
154 132
133 132
133 134
154 134
156 134
135 134
135 136
156 136
158 136
137 136
137 138
158 138
160 138
139 138
139 140
160 140
162 140
141 140
141 142
162 142
164 142
143 142
143 144
164 144
166 144
145 144
146 147
167 147
169 147
148 147
148 149
169 149
171 149
150 149
150 151
171 151
173 151
152 151
152 153
173 153
175 153
154 153
154 155
175 155
177 155
156 155
156 157
177 157
179 157
158 157
158 159
179 159
181 159
160 159
160 161
181 161
183 161
162 161
162 163
183 163
185 163
164 163
164 165
185 165
187 165
166 165
167 168
188 168
190 168
169 168
169 170
190 170
192 170
171 170
171 172
192 172
194 172
173 172
173 174
194 174
196 174
175 174
175 176
196 176
198 176
177 176
177 178
198 178
200 178
179 178
179 180
200 180
202 180
181 180
181 182
202 182
204 182
183 182
183 184
204 184
206 184
185 184
185 186
206 186
208 186
187 186
188 189
209 189
210 189
190 189
190 191
210 191
211 191
192 191
192 193
211 193
212 193
194 193
194 195
212 195
213 195
196 195
196 197
213 197
214 197
198 197
198 199
214 199
215 199
200 199
200 201
215 201
216 201
202 201
202 203
216 203
217 203
204 203
204 205
217 205
218 205
206 205
206 207
218 207
219 207
208 207
