-12993.56869 -12859.36379 1073.69420
-12777.54897 -15000.00000 1338.91741
-10488.12843 -12526.35738 4937.75578
-9508.76478 -15000.00000 4769.39387
-6908.15365 -12475.71082 9240.34083
-5521.22663 -15000.00000 9395.51828
-2674.66815 -12556.26677 13384.34849
-1142.51369 -15000.00000 14321.37956
1823.68620 -12875.79349 16720.47354
3299.79484 -15000.00000 18651.06660
5976.41977 -13786.76609 18781.84559
7478.11979 -15000.00000 21488.66831
9204.32312 -14625.13538 19633.51790
11064.88196 -15000.00000 21938.27361
11653.15659 -14631.01124 18225.99447
13732.50218 -15000.00000 19103.97138
13209.68008 -14072.58975 13835.10251
15153.40125 -15000.00000 12089.85054
13794.15185 -13651.32597 5757.11970
15000.00000 -15000.00000 0.00000
-15000.00000 -12256.77774 1178.75148
-12798.77754 -10128.63483 4725.02867
-12777.54897 -12256.77774 5724.18261
-10305.77808 -9843.24682 9513.87593
-9508.76478 -12256.77774 10198.16490
-6833.75453 -9776.96184 13518.67800
-5521.22663 -12256.77774 14238.88281
-2756.58976 -9875.98573 16451.94116
-1142.51369 -12256.77774 17484.52079
1476.01864 -10216.18304 18096.43946
3299.79484 -12256.77774 19573.26331
5369.82265 -10858.48375 18490.85541
7478.11979 -12256.77774 20143.29483
8718.62417 -11343.92984 17724.01635
11064.88196 -12256.77774 18832.79980
11399.53778 -11346.00609 15335.30197
13732.50218 -12256.77774 15279.96268
13181.31178 -11027.53605 10991.29199
15153.40125 -12256.77774 9122.96792
13794.20697 -10777.86027 4392.74333
15000.00000 -12256.77774 0.00000
-15000.00000 -9262.37992 4281.05887
-12790.51806 -7047.99130 8609.63327
-12777.54897 -9262.37992 9795.07330
-10260.75848 -6895.75450 13077.69004
-9508.76478 -9262.37992 14226.83766
-6842.90097 -6916.33089 16299.13232
-5521.22663 -9262.37992 17487.01904
-2910.56959 -7087.31329 18231.43681
-1142.51369 -9262.37992 19486.28451
1151.38525 -7391.91430 18915.50168
3299.79484 -9262.37992 20135.30116
5032.98451 -7724.78408 18440.03057
7478.11979 -9262.37992 19344.73607
8499.53040 -7923.19934 16790.98060
11064.88196 -9262.37992 17025.25633
11300.07250 -7923.28755 13864.13798
13732.50218 -9262.37992 13087.52902
13171.15566 -7793.91511 9548.49160
15153.40125 -9262.37992 7442.22121
13794.26586 -7690.00532 3715.80044
15000.00000 -9262.37992 0.00000
-15000.00000 -6089.59924 8487.35942
-12870.52384 -3759.66934 12339.54823
-12777.54897 -6089.59924 13371.58148
-10334.86214 -3785.51699 15623.52531
-9508.76478 -6089.59924 17020.80307
-6956.26493 -3970.34979 17863.70350
-5521.22663 -6089.59924 19420.40287
-3085.33711 -4198.76262 19090.69583
-1142.51369 -6089.59924 20555.75956
975.92646 -4375.14454 19295.63137
3299.79484 -6089.59924 20412.25180
4921.82896 -4464.56237 18437.10412
7478.11979 -6089.59924 18975.25828
8447.18712 -4482.58848 16490.19396
11064.88196 -6089.59924 16230.15766
11282.33942 -4467.71127 13426.32668
13732.50218 -6089.59924 12162.32863
13170.22015 -4456.97882 9156.21905
15153.40125 -6089.59924 6757.14985
13794.28847 -4459.33912 3548.54951
15000.00000 -6089.59924 0.00000
-15000.00000 -2811.22839 12978.09037
-13112.58993 -374.68827 15415.21963
-12777.54897 -2811.22839 16273.69913
-10560.21512 -651.44565 17176.63334
-9508.76478 -2811.22839 18745.45203
-7151.26140 -978.10187 18525.92924
-5521.22663 -2811.22839 20319.51021
-3207.50195 -1171.97919 19302.98697
-1142.51369 -2811.22839 20922.03479
940.50772 -1210.61948 19314.67068
3299.79484 -2811.22839 20479.18690
4941.93698 -1145.71687 18436.24549
7478.11979 -2811.22839 18917.12767
8478.38224 -1058.12766 16588.61669
11064.88196 -2811.22839 16162.01824
11296.82665 -1033.90396 13664.08682
13732.50218 -2811.22839 12140.01973
13170.98957 -1093.95025 9459.35286
15153.40125 -2811.22839 6777.29327
13794.26654 -1157.71338 3715.07948
15000.00000 -2811.22839 0.00000
-15000.00000 499.93996 16933.68896
-13735.26186 2832.91979 17371.05677
-12777.54897 499.93996 18321.41825
-10930.16847 2354.54357 17870.55657
-9508.76478 499.93996 19566.17546
-7338.97673 2059.40381 18564.09849
-5521.22663 499.93996 20464.81695
-3251.03939 1967.48106 19072.65138
-1142.51369 499.93996 20814.19905
993.20042 2022.13988 19104.40795
3299.79484 499.93996 20411.17812
5035.23388 2161.29267 18437.87561
7478.11979 499.93996 19052.61050
8550.98827 2294.08866 16889.41518
11064.88196 499.93996 16535.35253
11318.14876 2316.65553 14235.84452
13732.50218 499.93996 12656.26056
13169.89898 2224.14835 10101.33556
15153.40125 499.93996 7212.19093
13794.22615 2142.09087 4040.63472
15000.00000 499.93996 0.00000
-15000.00000 3771.11311 19534.59244
-14463.00846 5407.55604 18178.58230
-12777.54897 3771.11311 19334.73082
-11215.75720 5187.93451 17873.87439
-9508.76478 3771.11311 19648.36427
-7424.58240 5116.09366 18184.02254
-5521.22663 3771.11311 20136.79899
-3226.45461 5147.41748 18625.21711
-1142.51369 3771.11311 20461.34120
1081.75255 5248.08829 18824.94417
3299.79484 3771.11311 20283.29713
5146.76745 5383.31663 18446.49121
7478.11979 3771.11311 19263.97298
8627.27279 5494.20926 17205.22359
11064.88196 3771.11311 17064.67497
11331.43400 5504.98846 14808.26986
13732.50218 3771.11311 13346.70933
13166.93737 5426.65735 10726.39430
15153.40125 3771.11311 7771.38227
13794.19240 5366.92564 4350.22274
15000.00000 3771.11311 0.00000
-15000.00000 6929.49837 19961.23804
-14346.45614 7617.52677 17471.32794
-12777.54897 6929.49837 19133.62885
-11150.28793 7877.38149 17174.64490
-9508.76478 6929.49837 19157.40937
-7352.98994 8127.34261 17588.37838
-5521.22663 6929.49837 19615.93223
-3151.51275 8302.04245 18221.94527
-1142.51369 6929.49837 20092.55009
1154.00843 8403.17261 18640.50496
3299.79484 6929.49837 20170.61558
5208.98796 8445.88947 18454.66784
7478.11979 6929.49837 19433.48135
8659.57148 8448.33324 17356.47839
11064.88196 6929.49837 17464.50003
11331.38711 8437.18072 15058.24428
13732.50218 6929.49837 13847.02427
13164.83881 8437.39824 10980.12320
15153.40125 6929.49837 8164.40671
13794.18003 8443.96002 4468.34472
15000.00000 6929.49837 0.00000
-15000.00000 9902.30307 17394.06300
-13572.31632 10069.68070 14688.28277
-12777.54897 9902.30307 17538.10431
-10719.51006 10459.28381 15813.49009
-9508.76478 9902.30307 18258.70167
-7099.52922 11035.22718 17041.02877
-5521.22663 9902.30307 19182.69258
-3048.30469 11391.00073 18159.13297
-1142.51369 9902.30307 19936.91457
1156.65874 11436.75053 18720.90049
3299.79484 9902.30307 20148.20516
5150.89522 11273.43847 18447.95549
7478.11979 9902.30307 19443.40185
8607.88572 11065.59615 17182.59601
11064.88196 9902.30307 17449.34216
11335.45203 11021.87328 14679.03482
13732.50218 9902.30307 13792.86361
13171.11333 11168.07252 10509.55908
15153.40125 9902.30307 8100.80372
13794.21045 11301.24627 4219.50722
15000.00000 9902.30307 0.00000
-15000.00000 12616.73451 11013.50458
-13102.08498 12737.20643 8994.27858
-12777.54897 12616.73451 14368.14921
-10273.73568 12989.28146 13785.89608
-9508.76478 12616.73451 17117.63208
-6725.00316 13792.88420 16873.75538
-5521.22663 12616.73451 19117.55593
-2962.91740 14368.64073 18790.52905
-1142.51369 12616.73451 20223.52350
1040.25551 14305.28112 19273.97410
3299.79484 12616.73451 20291.13751
4922.98902 13789.70999 18439.16677
7478.11979 12616.73451 19176.00070
8494.17442 13304.43879 16535.60099
11064.88196 12616.73451 16733.71581
11392.47866 13219.33881 13367.43090
13732.50218 12616.73451 12819.88557
13209.22081 13508.56134 8965.08361
15153.40125 12616.73451 7290.11272
13794.38129 13869.49673 3429.45462
15000.00000 12616.73451 0.00000
-15000.00000 15000.00000 0.00000
-12777.54897 15000.00000 9443.75553
-9508.76478 15000.00000 15899.59152
-5521.22663 15000.00000 19700.99819
-1142.51369 15000.00000 21181.46571
3299.79484 15000.00000 20674.48430
7478.11979 15000.00000 18513.54414
11064.88196 15000.00000 15032.13543
13732.50218 15000.00000 10563.74838
15153.40125 15000.00000 5441.87317
15000.00000 15000.00000 0.00000
